0 39 1
0 42 1
0 32 1
0 49 1
0 10 1
0 13 1
0 28 1
0 51 1
0 15 1
0 60 1
0 30 1
0 1 1
0 52 1
0 16 1
0 18 1
0 55 1
0 9 1
0 17 1
1 125 1
1 8 1
1 163 1
1 221 1
1 148 1
1 2 1
1 36 1
1 5 1
1 150 1
1 0 1
1 116 1
1 19 1
1 41 1
1 95 1
1 77 1
1 3 1
1 4 1
1 6 1
1 208 1
1 151 1
1 71 1
1 121 1
1 7 1
1 182 1
1 242 1
1 185 1
2 32 1
2 125 1
2 69 1
2 8 1
2 92 1
2 134 1
2 70 1
2 80 1
2 136 1
2 63 1
2 1 1
2 16 1
2 130 1
2 124 1
2 62 1
2 36 1
2 108 1
2 39 1
2 117 1
2 21 1
2 5 1
2 109 1
2 118 1
2 129 1
2 15 1
2 116 1
2 137 1
2 52 1
2 41 1
2 102 1
2 101 1
2 34 1
2 77 1
2 111 1
2 91 1
2 3 1
2 79 1
2 135 1
2 64 1
2 133 1
2 99 1
2 113 1
2 6 1
2 4 1
2 67 1
2 121 1
2 123 1
2 131 1
2 82 1
2 7 1
2 89 1
2 65 1
2 72 1
2 90 1
2 12 1
2 68 1
2 94 1
2 31 1
2 83 1
2 128 1
2 87 1
2 40 1
2 122 1
2 66 1
2 132 1
2 76 1
2 127 1
2 26 1
3 8 1
3 70 1
3 1 1
3 2 1
3 16 1
3 187 1
3 36 1
3 10 1
3 13 1
3 51 1
3 188 1
3 34 1
3 95 1
3 189 1
3 53 1
3 96 1
3 131 1
3 186 1
3 190 1
3 178 1
3 120 1
3 122 1
4 125 1
4 88 1
4 219 1
4 220 1
4 1 1
4 2 1
4 130 1
4 206 1
4 170 1
4 150 1
4 50 1
4 164 1
4 44 1
4 101 1
4 213 1
4 38 1
4 199 1
4 217 1
4 162 1
4 53 1
4 96 1
4 114 1
4 208 1
4 35 1
4 153 1
4 138 1
4 33 1
4 81 1
4 71 1
4 74 1
4 175 1
4 20 1
4 215 1
4 7 1
4 194 1
4 152 1
4 216 1
4 45 1
4 83 1
4 128 1
4 214 1
4 218 1
4 122 1
4 156 1
4 14 1
5 125 1
5 6 1
5 134 1
5 111 1
5 273 1
5 2 1
5 1 1
5 149 1
5 121 1
5 82 1
5 202 1
5 89 1
5 117 1
6 32 1
6 88 1
6 69 1
6 8 1
6 163 1
6 80 1
6 221 1
6 1 1
6 2 1
6 16 1
6 84 1
6 36 1
6 257 1
6 262 1
6 5 1
6 150 1
6 51 1
6 149 1
6 47 1
6 77 1
6 199 1
6 57 1
6 113 1
6 53 1
6 46 1
6 67 1
6 75 1
6 173 1
6 12 1
6 68 1
6 166 1
6 93 1
6 247 1
6 156 1
6 115 1
6 61 1
7 233 1
7 23 1
7 2 1
7 1 1
7 267 1
7 55 1
7 36 1
7 21 1
7 294 1
7 298 1
7 231 1
7 85 1
7 146 1
7 176 1
7 168 1
7 4 1
7 307 1
7 277 1
7 138 1
7 196 1
7 123 1
7 308 1
7 112 1
8 42 1
8 88 1
8 92 1
8 163 1
8 136 1
8 171 1
8 2 1
8 1 1
8 86 1
8 25 1
8 305 1
8 319 1
8 150 1
8 13 1
8 10 1
8 116 1
8 77 1
8 3 1
8 106 1
8 6 1
8 114 1
8 33 1
8 167 1
8 123 1
8 72 1
8 182 1
8 183 1
8 87 1
8 40 1
8 112 1
8 105 1
8 17 1
8 26 1
9 0 1
10 8 1
10 0 1
10 12 1
10 166 1
10 263 1
10 99 1
10 206 1
10 84 1
10 3 1
10 85 1
10 28 1
10 11 1
11 72 1
11 10 1
11 35 1
11 12 1
11 68 1
11 43 1
11 87 1
11 179 1
11 59 1
11 295 1
11 247 1
12 30 1
12 2 1
12 25 1
12 206 1
12 320 1
12 117 1
12 10 1
12 15 1
12 101 1
12 149 1
12 179 1
12 18 1
12 59 1
12 95 1
12 99 1
12 6 1
12 48 1
12 144 1
12 207 1
12 195 1
12 24 1
12 185 1
12 11 1
13 0 1
13 8 1
13 14 1
13 3 1
14 70 1
14 97 1
14 16 1
14 124 1
14 202 1
14 150 1
14 13 1
14 15 1
14 309 1
14 145 1
14 149 1
14 59 1
14 113 1
14 4 1
14 152 1
14 45 1
14 128 1
14 156 1
14 201 1
14 272 1
15 125 1
15 69 1
15 88 1
15 163 1
15 97 1
15 23 1
15 2 1
15 16 1
15 22 1
15 108 1
15 21 1
15 203 1
15 251 1
15 0 1
15 19 1
15 38 1
15 18 1
15 29 1
15 59 1
15 135 1
15 107 1
15 290 1
15 96 1
15 232 1
15 273 1
15 289 1
15 46 1
15 20 1
15 72 1
15 190 1
15 12 1
15 291 1
15 28 1
15 17 1
15 14 1
15 26 1
16 125 1
16 233 1
16 235 1
16 142 1
16 230 1
16 221 1
16 63 1
16 2 1
16 154 1
16 27 1
16 37 1
16 234 1
16 170 1
16 108 1
16 22 1
16 58 1
16 224 1
16 174 1
16 226 1
16 150 1
16 51 1
16 118 1
16 126 1
16 50 1
16 15 1
16 0 1
16 237 1
16 188 1
16 103 1
16 29 1
16 57 1
16 59 1
16 231 1
16 3 1
16 85 1
16 162 1
16 146 1
16 176 1
16 115 1
16 6 1
16 168 1
16 49 1
16 225 1
16 238 1
16 228 1
16 232 1
16 138 1
16 167 1
16 193 1
16 207 1
16 71 1
16 74 1
16 73 1
16 123 1
16 195 1
16 229 1
16 194 1
16 173 1
16 227 1
16 24 1
16 222 1
16 223 1
16 165 1
16 68 1
16 31 1
16 40 1
16 198 1
16 66 1
16 236 1
16 211 1
16 76 1
16 17 1
16 14 1
16 26 1
17 211 1
17 152 1
17 24 1
17 8 1
17 222 1
17 142 1
17 0 1
17 15 1
17 245 1
17 263 1
17 193 1
17 16 1
17 27 1
17 25 1
17 91 1
17 202 1
17 26 1
18 221 1
18 86 1
18 36 1
18 294 1
18 0 1
18 15 1
18 41 1
18 106 1
18 114 1
18 49 1
18 48 1
18 161 1
18 46 1
18 71 1
18 75 1
18 123 1
18 293 1
18 72 1
18 222 1
18 12 1
18 285 1
19 92 1
19 86 1
19 1 1
19 154 1
19 27 1
19 234 1
19 25 1
19 110 1
19 302 1
19 117 1
19 141 1
19 109 1
19 126 1
19 15 1
19 137 1
19 164 1
19 188 1
19 145 1
19 95 1
19 59 1
19 64 1
19 107 1
19 312 1
19 119 1
19 96 1
19 48 1
19 232 1
19 35 1
19 167 1
19 151 1
19 67 1
19 215 1
19 190 1
19 68 1
19 87 1
19 93 1
19 105 1
20 125 1
20 4 1
20 233 1
20 190 1
20 308 1
20 15 1
20 161 1
20 183 1
20 45 1
20 149 1
20 213 1
20 103 1
20 27 1
20 244 1
20 159 1
20 99 1
20 324 1
21 56 1
21 163 1
21 2 1
21 204 1
21 15 1
21 137 1
21 41 1
21 29 1
21 64 1
21 107 1
21 314 1
21 191 1
21 288 1
21 155 1
21 207 1
21 74 1
21 73 1
21 195 1
21 7 1
21 186 1
21 78 1
21 242 1
21 31 1
21 45 1
21 326 1
21 198 1
21 66 1
21 115 1
21 203 1
22 115 1
22 42 1
22 69 1
22 125 1
22 24 1
22 313 1
22 182 1
22 70 1
22 15 1
22 160 1
22 16 1
22 54 1
22 29 1
22 329 1
22 123 1
22 170 1
22 28 1
22 127 1
23 32 1
23 125 1
23 88 1
23 63 1
23 130 1
23 15 1
23 41 1
23 298 1
23 38 1
23 199 1
23 91 1
23 113 1
23 76 1
23 288 1
23 121 1
23 73 1
23 7 1
23 72 1
23 68 1
23 278 1
23 112 1
23 66 1
23 332 1
23 54 1
24 125 1
24 70 1
24 80 1
24 63 1
24 16 1
24 154 1
24 210 1
24 204 1
24 25 1
24 206 1
24 202 1
24 58 1
24 203 1
24 118 1
24 188 1
24 41 1
24 44 1
24 77 1
24 29 1
24 59 1
24 79 1
24 64 1
24 107 1
24 113 1
24 115 1
24 208 1
24 167 1
24 205 1
24 207 1
24 75 1
24 209 1
24 175 1
24 72 1
24 182 1
24 12 1
24 31 1
24 183 1
24 87 1
24 83 1
24 43 1
24 212 1
24 112 1
24 66 1
24 211 1
24 22 1
24 17 1
24 26 1
25 69 1
25 8 1
25 221 1
25 245 1
25 63 1
25 86 1
25 58 1
25 174 1
25 251 1
25 50 1
25 19 1
25 149 1
25 176 1
25 48 1
25 208 1
25 249 1
25 100 1
25 78 1
25 227 1
25 24 1
25 242 1
25 12 1
25 31 1
25 17 1
26 125 1
26 235 1
26 8 1
26 70 1
26 97 1
26 245 1
26 2 1
26 16 1
26 154 1
26 27 1
26 204 1
26 234 1
26 202 1
26 58 1
26 117 1
26 126 1
26 50 1
26 15 1
26 252 1
26 253 1
26 160 1
26 102 1
26 255 1
26 254 1
26 98 1
26 115 1
26 228 1
26 232 1
26 167 1
26 67 1
26 207 1
26 81 1
26 244 1
26 158 1
26 65 1
26 24 1
26 222 1
26 256 1
26 87 1
26 40 1
26 178 1
26 122 1
26 76 1
26 17 1
27 56 1
27 17 1
27 19 1
27 16 1
27 213 1
27 254 1
27 40 1
27 280 1
27 20 1
27 98 1
27 127 1
27 26 1
28 10 1
28 0 1
28 15 1
28 29 1
28 22 1
29 286 1
29 221 1
29 86 1
29 16 1
29 84 1
29 22 1
29 39 1
29 21 1
29 116 1
29 15 1
29 34 1
29 213 1
29 231 1
29 298 1
29 114 1
29 208 1
29 33 1
29 138 1
29 167 1
29 249 1
29 123 1
29 215 1
29 227 1
29 24 1
29 256 1
29 183 1
29 68 1
29 31 1
29 112 1
29 122 1
29 66 1
29 28 1
29 61 1
30 32 1
30 0 1
30 33 1
30 35 1
30 31 1
30 12 1
30 34 1
30 36 1
31 32 1
31 56 1
31 80 1
31 148 1
31 30 1
31 2 1
31 139 1
31 16 1
31 25 1
31 62 1
31 39 1
31 21 1
31 141 1
31 150 1
31 52 1
31 145 1
31 47 1
31 103 1
31 29 1
31 107 1
31 147 1
31 106 1
31 140 1
31 146 1
31 49 1
31 144 1
31 35 1
31 143 1
31 78 1
31 24 1
31 43 1
31 68 1
31 104 1
31 105 1
31 61 1
32 42 1
32 163 1
32 171 1
32 23 1
32 30 1
32 2 1
32 86 1
32 154 1
32 62 1
32 170 1
32 159 1
32 0 1
32 116 1
32 164 1
32 160 1
32 135 1
32 79 1
32 64 1
32 162 1
32 6 1
32 96 1
32 49 1
32 114 1
32 168 1
32 35 1
32 153 1
32 138 1
32 155 1
32 151 1
32 167 1
32 73 1
32 158 1
32 152 1
32 165 1
32 31 1
32 166 1
32 87 1
32 169 1
32 156 1
32 157 1
32 104 1
32 76 1
32 127 1
33 56 1
33 233 1
33 8 1
33 221 1
33 80 1
33 284 1
33 30 1
33 283 1
33 126 1
33 118 1
33 116 1
33 160 1
33 266 1
33 231 1
33 29 1
33 85 1
33 99 1
33 4 1
33 238 1
33 67 1
33 207 1
33 280 1
33 121 1
33 216 1
33 214 1
33 40 1
33 282 1
33 203 1
33 281 1
34 42 1
34 286 1
34 80 1
34 30 1
34 2 1
34 261 1
34 251 1
34 253 1
34 103 1
34 29 1
34 57 1
34 254 1
34 3 1
34 107 1
34 98 1
34 85 1
34 176 1
34 53 1
34 143 1
34 196 1
34 215 1
34 216 1
34 183 1
34 45 1
34 285 1
34 112 1
34 66 1
34 76 1
34 127 1
35 32 1
35 72 1
35 4 1
35 221 1
35 19 1
35 30 1
35 31 1
35 78 1
35 38 1
35 73 1
35 316 1
35 107 1
35 58 1
35 39 1
35 290 1
35 11 1
36 125 1
36 233 1
36 142 1
36 80 1
36 30 1
36 2 1
36 1 1
36 39 1
36 174 1
36 44 1
36 145 1
36 77 1
36 18 1
36 3 1
36 79 1
36 6 1
36 289 1
36 81 1
36 196 1
36 121 1
36 7 1
36 78 1
36 223 1
36 308 1
36 278 1
36 197 1
36 132 1
37 38 1
37 16 1
38 69 1
38 109 1
38 4 1
38 51 1
38 182 1
38 271 1
38 276 1
38 15 1
38 35 1
38 23 1
38 44 1
38 161 1
38 37 1
38 259 1
38 79 1
38 82 1
38 133 1
38 229 1
39 0 1
39 35 1
39 31 1
39 2 1
39 41 1
39 29 1
39 40 1
39 36 1
40 53 1
40 8 1
40 221 1
40 33 1
40 2 1
40 16 1
40 83 1
40 27 1
40 317 1
40 104 1
40 39 1
40 106 1
40 26 1
40 312 1
41 125 1
41 134 1
41 80 1
41 23 1
41 2 1
41 1 1
41 110 1
41 108 1
41 39 1
41 21 1
41 160 1
41 77 1
41 18 1
41 107 1
41 85 1
41 162 1
41 167 1
41 74 1
41 131 1
41 105 1
41 78 1
41 72 1
41 24 1
41 87 1
41 83 1
41 128 1
41 76 1
41 203 1
42 32 1
42 8 1
42 48 1
42 0 1
42 43 1
42 44 1
42 45 1
42 46 1
42 34 1
42 47 1
42 22 1
43 42 1
43 125 1
43 80 1
43 63 1
43 86 1
43 204 1
43 55 1
43 58 1
43 118 1
43 85 1
43 64 1
43 146 1
43 279 1
43 277 1
43 151 1
43 71 1
43 74 1
43 24 1
43 31 1
43 112 1
43 198 1
43 203 1
43 11 1
44 42 1
44 114 1
44 4 1
44 24 1
44 97 1
44 111 1
44 80 1
44 165 1
44 45 1
44 83 1
44 95 1
44 38 1
44 59 1
44 156 1
44 36 1
44 202 1
44 58 1
44 76 1
45 42 1
45 56 1
45 92 1
45 70 1
45 80 1
45 148 1
45 97 1
45 263 1
45 86 1
45 283 1
45 130 1
45 202 1
45 302 1
45 21 1
45 224 1
45 141 1
45 192 1
45 126 1
45 251 1
45 44 1
45 149 1
45 34 1
45 47 1
45 64 1
45 106 1
45 314 1
45 313 1
45 168 1
45 4 1
45 48 1
45 276 1
45 273 1
45 288 1
45 207 1
45 73 1
45 20 1
45 72 1
45 165 1
45 166 1
45 112 1
45 198 1
45 282 1
45 14 1
46 125 1
46 42 1
46 6 1
46 48 1
46 271 1
46 15 1
46 52 1
46 87 1
46 83 1
46 77 1
46 18 1
46 156 1
46 105 1
47 226 1
47 42 1
47 96 1
47 6 1
47 92 1
47 119 1
47 70 1
47 246 1
47 138 1
47 52 1
47 31 1
47 45 1
47 87 1
47 103 1
47 59 1
47 149 1
47 64 1
48 42 1
48 286 1
48 70 1
48 86 1
48 25 1
48 320 1
48 62 1
48 257 1
48 126 1
48 19 1
48 137 1
48 160 1
48 101 1
48 177 1
48 18 1
48 231 1
48 191 1
48 114 1
48 273 1
48 155 1
48 46 1
48 207 1
48 222 1
48 12 1
48 45 1
48 211 1
48 54 1
49 32 1
49 51 1
49 0 1
49 50 1
49 31 1
49 16 1
49 18 1
50 233 1
50 4 1
50 49 1
50 286 1
50 277 1
50 278 1
50 16 1
50 204 1
50 25 1
50 55 1
50 215 1
50 26 1
51 56 1
51 6 1
51 49 1
51 129 1
51 0 1
51 80 1
51 166 1
51 167 1
51 101 1
51 16 1
51 38 1
51 3 1
51 261 1
51 64 1
51 140 1
52 53 1
52 0 1
52 31 1
52 46 1
52 2 1
52 47 1
52 54 1
53 134 1
53 97 1
53 148 1
53 174 1
53 137 1
53 52 1
53 177 1
53 34 1
53 103 1
53 3 1
53 176 1
53 6 1
53 4 1
53 175 1
53 123 1
53 172 1
53 173 1
53 72 1
53 152 1
53 87 1
53 40 1
53 169 1
53 178 1
53 112 1
54 92 1
54 60 1
54 148 1
54 23 1
54 239 1
54 206 1
54 62 1
54 159 1
54 141 1
54 150 1
54 260 1
54 129 1
54 52 1
54 322 1
54 95 1
54 140 1
54 48 1
54 288 1
54 100 1
54 121 1
54 172 1
54 82 1
54 293 1
54 182 1
54 183 1
54 87 1
54 83 1
54 326 1
54 325 1
54 236 1
54 22 1
55 56 1
55 0 1
55 50 1
55 43 1
55 59 1
55 57 1
55 7 1
55 58 1
56 139 1
56 27 1
56 234 1
56 304 1
56 55 1
56 21 1
56 305 1
56 150 1
56 51 1
56 116 1
56 199 1
56 85 1
56 140 1
56 119 1
56 307 1
56 33 1
56 121 1
56 123 1
56 173 1
56 78 1
56 306 1
56 308 1
56 31 1
56 45 1
57 233 1
57 286 1
57 148 1
57 263 1
57 16 1
57 55 1
57 305 1
57 192 1
57 118 1
57 149 1
57 34 1
57 274 1
57 290 1
57 176 1
57 119 1
57 6 1
57 151 1
57 67 1
57 196 1
57 121 1
57 123 1
57 311 1
57 310 1
57 61 1
58 240 1
58 70 1
58 221 1
58 284 1
58 16 1
58 210 1
58 204 1
58 25 1
58 267 1
58 170 1
58 55 1
58 257 1
58 117 1
58 150 1
58 44 1
58 77 1
58 103 1
58 135 1
58 79 1
58 98 1
58 35 1
58 138 1
58 75 1
58 315 1
58 275 1
58 152 1
58 24 1
58 43 1
58 278 1
58 128 1
58 66 1
58 184 1
58 26 1
59 125 1
59 16 1
59 124 1
59 261 1
59 108 1
59 55 1
59 202 1
59 15 1
59 19 1
59 44 1
59 47 1
59 77 1
59 106 1
59 96 1
59 144 1
59 289 1
59 24 1
59 328 1
59 12 1
59 122 1
59 14 1
59 11 1
60 0 1
60 54 1
60 61 1
61 142 1
61 80 1
61 60 1
61 148 1
61 86 1
61 126 1
61 118 1
61 29 1
61 57 1
61 64 1
61 189 1
61 99 1
61 6 1
61 175 1
61 165 1
61 31 1
61 278 1
61 87 1
61 83 1
61 66 1
61 203 1
62 32 1
62 48 1
62 31 1
62 2 1
62 54 1
63 174 1
63 24 1
63 43 1
63 23 1
63 2 1
63 16 1
63 25 1
63 64 1
64 32 1
64 142 1
64 240 1
64 70 1
64 221 1
64 245 1
64 63 1
64 2 1
64 187 1
64 154 1
64 234 1
64 239 1
64 170 1
64 117 1
64 21 1
64 51 1
64 129 1
64 19 1
64 137 1
64 164 1
64 177 1
64 47 1
64 95 1
64 99 1
64 106 1
64 191 1
64 246 1
64 167 1
64 241 1
64 249 1
64 81 1
64 244 1
64 73 1
64 175 1
64 248 1
64 24 1
64 190 1
64 250 1
64 242 1
64 43 1
64 166 1
64 243 1
64 45 1
64 93 1
64 198 1
64 156 1
64 247 1
64 132 1
64 115 1
64 61 1
65 26 1
65 67 1
65 2 1
65 66 1
66 181 1
66 92 1
66 163 1
66 97 1
66 136 1
66 23 1
66 2 1
66 16 1
66 110 1
66 124 1
66 58 1
66 21 1
66 34 1
66 179 1
66 77 1
66 29 1
66 113 1
66 155 1
66 180 1
66 71 1
66 74 1
66 73 1
66 65 1
66 24 1
66 182 1
66 165 1
66 183 1
66 83 1
66 115 1
66 61 1
67 2 1
67 124 1
67 126 1
67 118 1
67 19 1
67 199 1
67 254 1
67 57 1
67 107 1
67 106 1
67 6 1
67 33 1
67 161 1
67 167 1
67 207 1
67 74 1
67 82 1
67 65 1
67 72 1
67 26 1
68 6 1
68 19 1
68 23 1
68 31 1
68 2 1
68 16 1
68 29 1
68 11 1
69 6 1
69 72 1
69 70 1
69 15 1
69 2 1
69 38 1
69 71 1
69 74 1
69 25 1
69 73 1
69 75 1
69 22 1
70 125 1
70 69 1
70 92 1
70 97 1
70 2 1
70 110 1
70 170 1
70 22 1
70 257 1
70 58 1
70 260 1
70 111 1
70 164 1
70 47 1
70 3 1
70 135 1
70 64 1
70 85 1
70 113 1
70 114 1
70 48 1
70 208 1
70 228 1
70 241 1
70 82 1
70 229 1
70 194 1
70 24 1
70 190 1
70 258 1
70 45 1
70 87 1
70 83 1
70 259 1
70 211 1
70 115 1
70 14 1
70 26 1
71 88 1
71 69 1
71 221 1
71 80 1
71 171 1
71 1 1
71 16 1
71 108 1
71 202 1
71 149 1
71 18 1
71 135 1
71 107 1
71 98 1
71 274 1
71 4 1
71 96 1
71 153 1
71 123 1
71 275 1
71 78 1
71 72 1
71 250 1
71 43 1
71 87 1
71 66 1
72 69 1
72 8 1
72 23 1
72 2 1
72 110 1
72 296 1
72 109 1
72 15 1
72 41 1
72 160 1
72 255 1
72 95 1
72 77 1
72 18 1
72 149 1
72 53 1
72 96 1
72 35 1
72 67 1
72 71 1
72 123 1
72 24 1
72 45 1
72 87 1
72 212 1
72 203 1
72 11 1
73 32 1
73 125 1
73 69 1
73 119 1
73 92 1
73 303 1
73 35 1
73 23 1
73 45 1
73 16 1
73 83 1
73 91 1
73 66 1
73 64 1
73 202 1
73 104 1
73 184 1
73 21 1
74 69 1
74 245 1
74 220 1
74 16 1
74 202 1
74 257 1
74 21 1
74 126 1
74 111 1
74 137 1
74 145 1
74 160 1
74 41 1
74 322 1
74 103 1
74 98 1
74 106 1
74 140 1
74 113 1
74 96 1
74 4 1
74 67 1
74 121 1
74 229 1
74 43 1
74 112 1
74 122 1
74 66 1
74 201 1
74 321 1
75 69 1
75 152 1
75 24 1
75 6 1
75 240 1
75 167 1
75 288 1
75 331 1
75 18 1
75 234 1
75 254 1
75 175 1
75 79 1
75 330 1
75 170 1
75 211 1
75 58 1
75 279 1
76 32 1
76 96 1
76 260 1
76 23 1
76 44 1
76 41 1
76 2 1
76 16 1
76 34 1
76 154 1
76 254 1
76 259 1
76 189 1
76 173 1
76 26 1
77 8 1
77 2 1
77 1 1
77 84 1
77 124 1
77 170 1
77 36 1
77 58 1
77 109 1
77 41 1
77 101 1
77 184 1
77 59 1
77 79 1
77 113 1
77 6 1
77 46 1
77 72 1
77 24 1
77 87 1
77 169 1
77 66 1
77 156 1
77 105 1
78 56 1
78 25 1
78 36 1
78 117 1
78 21 1
78 41 1
78 199 1
78 200 1
78 114 1
78 35 1
78 138 1
78 151 1
78 71 1
78 196 1
78 121 1
78 31 1
78 87 1
78 197 1
78 198 1
78 201 1
78 104 1
78 127 1
79 32 1
79 125 1
79 24 1
79 150 1
79 134 1
79 2 1
79 177 1
79 241 1
79 38 1
79 77 1
79 75 1
79 231 1
79 201 1
79 36 1
79 58 1
80 88 1
80 271 1
80 2 1
80 36 1
80 150 1
80 51 1
80 251 1
80 137 1
80 44 1
80 41 1
80 34 1
80 106 1
80 290 1
80 6 1
80 114 1
80 33 1
80 273 1
80 167 1
80 151 1
80 193 1
80 71 1
80 61 1
80 227 1
80 24 1
80 43 1
80 31 1
80 45 1
80 247 1
80 105 1
80 185 1
81 36 1
81 4 1
81 26 1
81 64 1
82 5 1
82 70 1
82 2 1
82 67 1
82 83 1
82 38 1
82 84 1
82 85 1
82 54 1
83 70 1
83 163 1
83 148 1
83 2 1
83 117 1
83 44 1
83 41 1
83 145 1
83 184 1
83 254 1
83 85 1
83 316 1
83 119 1
83 168 1
83 4 1
83 225 1
83 303 1
83 273 1
83 167 1
83 46 1
83 207 1
83 73 1
83 300 1
83 82 1
83 24 1
83 250 1
83 182 1
83 165 1
83 87 1
83 40 1
83 112 1
83 66 1
83 201 1
83 54 1
83 61 1
84 233 1
84 6 1
84 10 1
84 183 1
84 77 1
84 29 1
84 82 1
84 98 1
84 173 1
85 56 1
85 88 1
85 142 1
85 70 1
85 16 1
85 10 1
85 41 1
85 34 1
85 133 1
85 33 1
85 331 1
85 121 1
85 300 1
85 82 1
85 7 1
85 248 1
85 43 1
85 83 1
85 259 1
85 156 1
86 32 1
86 8 1
86 48 1
86 216 1
86 208 1
86 19 1
86 43 1
86 289 1
86 45 1
86 18 1
86 29 1
86 112 1
86 25 1
86 170 1
86 107 1
86 61 1
87 32 1
87 8 1
87 142 1
87 70 1
87 97 1
87 2 1
87 124 1
87 170 1
87 202 1
87 203 1
87 19 1
87 41 1
87 102 1
87 160 1
87 47 1
87 77 1
87 264 1
87 146 1
87 53 1
87 114 1
87 273 1
87 46 1
87 207 1
87 54 1
87 71 1
87 293 1
87 78 1
87 72 1
87 152 1
87 24 1
87 165 1
87 83 1
87 93 1
87 112 1
87 318 1
87 104 1
87 115 1
87 61 1
87 26 1
87 11 1
88 6 1
88 4 1
88 8 1
88 150 1
88 15 1
88 80 1
88 23 1
88 199 1
88 71 1
88 85 1
89 5 1
89 2 1
90 2 1
91 92 1
91 23 1
91 2 1
91 93 1
91 73 1
91 17 1
92 8 1
92 271 1
92 70 1
92 97 1
92 171 1
92 2 1
92 270 1
92 204 1
92 19 1
92 111 1
92 101 1
92 177 1
92 47 1
92 254 1
92 91 1
92 189 1
92 155 1
92 73 1
92 158 1
92 182 1
92 45 1
92 212 1
92 66 1
92 269 1
92 54 1
92 272 1
93 6 1
93 303 1
93 19 1
93 331 1
93 243 1
93 87 1
93 91 1
93 269 1
93 64 1
93 333 1
94 2 1
95 174 1
95 72 1
95 118 1
95 19 1
95 12 1
95 44 1
95 1 1
95 291 1
95 154 1
95 254 1
95 292 1
95 3 1
95 64 1
95 54 1
95 117 1
95 281 1
96 32 1
96 171 1
96 302 1
96 109 1
96 150 1
96 15 1
96 19 1
96 309 1
96 47 1
96 59 1
96 217 1
96 3 1
96 106 1
96 140 1
96 4 1
96 114 1
96 71 1
96 74 1
96 248 1
96 72 1
96 243 1
96 212 1
96 178 1
96 247 1
96 76 1
97 92 1
97 134 1
97 70 1
97 97 1
97 234 1
97 204 1
97 117 1
97 15 1
97 137 1
97 111 1
97 44 1
97 53 1
97 244 1
97 175 1
97 195 1
97 258 1
97 166 1
97 45 1
97 87 1
97 66 1
97 201 1
97 269 1
97 132 1
97 14 1
97 26 1
98 319 1
98 271 1
98 160 1
98 34 1
98 154 1
98 71 1
98 74 1
98 27 1
98 84 1
98 58 1
98 105 1
98 185 1
98 26 1
99 10 1
99 33 1
99 12 1
99 2 1
99 100 1
99 20 1
99 64 1
99 61 1
100 149 1
100 54 1
100 25 1
100 120 1
100 316 1
100 99 1
101 4 1
101 92 1
101 48 1
101 51 1
101 251 1
101 12 1
101 2 1
101 77 1
101 259 1
101 185 1
102 87 1
102 2 1
102 26 1
103 53 1
103 31 1
103 34 1
103 16 1
103 47 1
103 74 1
103 20 1
103 135 1
103 107 1
103 58 1
103 185 1
104 32 1
104 150 1
104 31 1
104 87 1
104 40 1
104 73 1
104 175 1
104 261 1
104 189 1
104 262 1
104 106 1
104 78 1
105 8 1
105 19 1
105 148 1
105 80 1
105 31 1
105 46 1
105 151 1
105 41 1
105 239 1
105 77 1
105 263 1
105 98 1
105 113 1
105 111 1
106 96 1
106 8 1
106 134 1
106 80 1
106 165 1
106 31 1
106 45 1
106 67 1
106 288 1
106 59 1
106 18 1
106 40 1
106 74 1
106 217 1
106 64 1
106 104 1
106 302 1
106 272 1
107 119 1
107 24 1
107 126 1
107 15 1
107 35 1
107 19 1
107 31 1
107 86 1
107 67 1
107 34 1
107 41 1
107 103 1
107 187 1
107 71 1
107 124 1
107 112 1
107 21 1
107 314 1
108 15 1
108 41 1
108 2 1
108 16 1
108 71 1
108 59 1
109 96 1
109 72 1
109 19 1
109 288 1
109 2 1
109 270 1
109 38 1
109 77 1
110 268 1
110 72 1
110 70 1
110 19 1
110 162 1
110 297 1
110 41 1
110 156 1
110 66 1
110 269 1
110 202 1
110 185 1
111 114 1
111 152 1
111 92 1
111 5 1
111 242 1
111 70 1
111 97 1
111 232 1
111 166 1
111 44 1
111 2 1
111 301 1
111 74 1
111 121 1
111 261 1
111 105 1
112 181 1
112 8 1
112 23 1
112 86 1
112 239 1
112 267 1
112 265 1
112 117 1
112 126 1
112 160 1
112 34 1
112 266 1
112 29 1
112 264 1
112 107 1
112 113 1
112 53 1
112 207 1
112 74 1
112 215 1
112 7 1
112 268 1
112 24 1
112 43 1
112 45 1
112 87 1
112 83 1
112 214 1
112 122 1
112 201 1
113 114 1
113 6 1
113 24 1
113 70 1
113 23 1
113 2 1
113 77 1
113 74 1
113 112 1
113 66 1
113 105 1
113 115 1
113 14 1
114 32 1
114 8 1
114 70 1
114 80 1
114 192 1
114 111 1
114 137 1
114 44 1
114 18 1
114 29 1
114 113 1
114 191 1
114 119 1
114 96 1
114 4 1
114 48 1
114 193 1
114 195 1
114 194 1
114 78 1
114 152 1
114 87 1
114 115 1
115 125 1
115 70 1
115 263 1
115 16 1
115 154 1
115 287 1
115 21 1
115 150 1
115 252 1
115 64 1
115 133 1
115 113 1
115 114 1
115 6 1
115 288 1
115 282 1
115 24 1
115 166 1
115 243 1
115 87 1
115 212 1
115 66 1
115 22 1
115 203 1
115 26 1
116 32 1
116 56 1
116 8 1
116 33 1
116 2 1
116 1 1
116 29 1
117 5 1
117 97 1
117 19 1
117 12 1
117 2 1
117 83 1
117 95 1
117 112 1
117 64 1
117 58 1
117 26 1
117 78 1
118 119 1
118 24 1
118 33 1
118 43 1
118 2 1
118 67 1
118 16 1
118 95 1
118 57 1
118 120 1
118 61 1
119 56 1
119 221 1
119 234 1
119 320 1
119 174 1
119 294 1
119 118 1
119 19 1
119 137 1
119 149 1
119 47 1
119 57 1
119 107 1
119 176 1
119 114 1
119 277 1
119 161 1
119 205 1
119 244 1
119 73 1
119 131 1
119 194 1
119 311 1
119 182 1
119 83 1
119 128 1
119 211 1
119 127 1
119 323 1
120 118 1
120 100 1
120 280 1
120 122 1
120 172 1
120 3 1
120 176 1
121 56 1
121 85 1
121 5 1
121 111 1
121 33 1
121 23 1
121 2 1
121 1 1
121 74 1
121 57 1
121 122 1
121 36 1
121 54 1
121 78 1
122 310 1
122 4 1
122 2 1
122 59 1
122 74 1
122 112 1
122 121 1
122 120 1
122 3 1
122 29 1
122 26 1
123 53 1
123 72 1
123 56 1
123 8 1
123 2 1
123 16 1
123 71 1
123 18 1
123 29 1
123 57 1
123 7 1
123 22 1
124 233 1
124 2 1
124 187 1
124 150 1
124 137 1
124 77 1
124 59 1
124 254 1
124 107 1
124 276 1
124 67 1
124 195 1
124 248 1
124 165 1
124 87 1
124 198 1
124 66 1
124 203 1
124 14 1
125 70 1
125 23 1
125 2 1
125 1 1
125 16 1
125 36 1
125 5 1
125 126 1
125 15 1
125 41 1
125 59 1
125 79 1
125 115 1
125 4 1
125 46 1
125 73 1
125 20 1
125 24 1
125 43 1
125 22 1
125 26 1
126 125 1
126 235 1
126 48 1
126 277 1
126 19 1
126 33 1
126 45 1
126 67 1
126 16 1
126 149 1
126 239 1
126 74 1
126 209 1
126 112 1
126 107 1
126 61 1
126 26 1
127 32 1
127 119 1
127 2 1
127 34 1
127 27 1
127 22 1
127 78 1
128 119 1
128 4 1
128 41 1
128 2 1
128 58 1
128 14 1
129 64 1
129 54 1
129 2 1
129 51 1
130 4 1
130 23 1
130 2 1
130 45 1
131 119 1
131 41 1
131 2 1
131 3 1
132 64 1
132 97 1
132 36 1
132 2 1
133 38 1
133 85 1
133 115 1
133 2 1
134 53 1
134 5 1
134 97 1
134 2 1
134 41 1
134 79 1
134 106 1
135 32 1
135 70 1
135 15 1
135 2 1
135 103 1
135 71 1
135 58 1
136 8 1
136 2 1
136 66 1
137 53 1
137 114 1
137 119 1
137 48 1
137 97 1
137 19 1
137 80 1
137 138 1
137 2 1
137 160 1
137 74 1
137 124 1
137 195 1
137 64 1
137 21 1
137 224 1
138 32 1
138 58 1
138 4 1
138 251 1
138 137 1
138 183 1
138 16 1
138 47 1
138 29 1
138 7 1
138 281 1
138 78 1
139 56 1
139 31 1
140 56 1
140 96 1
140 51 1
140 31 1
140 74 1
140 54 1
141 142 1
141 19 1
141 31 1
141 45 1
141 54 1
142 141 1
142 85 1
142 235 1
142 308 1
142 17 1
142 87 1
142 16 1
142 64 1
142 36 1
142 61 1
143 31 1
143 34 1
144 59 1
144 12 1
144 31 1
145 19 1
145 31 1
145 145 1
145 83 1
145 74 1
145 36 1
145 14 1
146 43 1
146 31 1
146 87 1
146 16 1
146 7 1
147 31 1
148 53 1
148 31 1
148 45 1
148 149 1
148 83 1
148 54 1
148 1 1
148 57 1
148 105 1
148 61 1
149 271 1
149 148 1
149 25 1
149 5 1
149 126 1
149 299 1
149 47 1
149 57 1
149 119 1
149 6 1
149 100 1
149 71 1
149 300 1
149 20 1
149 72 1
149 12 1
149 45 1
149 184 1
149 14 1
150 56 1
150 6 1
150 4 1
150 96 1
150 8 1
150 88 1
150 80 1
150 31 1
150 1 1
150 16 1
150 54 1
150 124 1
150 79 1
150 104 1
150 115 1
150 14 1
150 58 1
151 32 1
151 19 1
151 80 1
151 43 1
151 1 1
151 57 1
151 105 1
151 78 1
152 32 1
152 53 1
152 114 1
152 4 1
152 111 1
152 87 1
152 75 1
152 58 1
152 17 1
152 14 1
153 32 1
153 71 1
153 4 1
154 32 1
154 76 1
154 24 1
154 19 1
154 16 1
154 95 1
154 64 1
154 98 1
154 115 1
154 26 1
155 32 1
155 92 1
155 48 1
155 66 1
155 21 1
156 32 1
156 4 1
156 6 1
156 85 1
156 44 1
156 46 1
156 77 1
156 110 1
156 64 1
156 14 1
157 32 1
158 32 1
158 92 1
158 26 1
159 32 1
159 54 1
159 20 1
160 32 1
160 72 1
160 48 1
160 33 1
160 137 1
160 161 1
160 41 1
160 87 1
160 74 1
160 112 1
160 98 1
160 22 1
160 26 1
161 119 1
161 188 1
161 160 1
161 67 1
161 207 1
161 38 1
161 18 1
161 327 1
161 20 1
161 304 1
162 32 1
162 4 1
162 41 1
162 16 1
162 110 1
163 32 1
163 6 1
163 8 1
163 15 1
163 1 1
163 83 1
163 66 1
163 21 1
164 32 1
164 4 1
164 70 1
164 19 1
164 64 1
165 32 1
165 44 1
165 45 1
165 87 1
165 16 1
165 83 1
165 124 1
165 66 1
165 61 1
165 106 1
166 32 1
166 6 1
166 10 1
166 51 1
166 97 1
166 111 1
166 45 1
166 64 1
166 115 1
167 32 1
167 24 1
167 8 1
167 51 1
167 19 1
167 80 1
167 41 1
167 67 1
167 16 1
167 83 1
167 29 1
167 75 1
167 64 1
167 26 1
168 32 1
168 45 1
168 83 1
168 16 1
168 7 1
169 32 1
169 53 1
169 77 1
170 32 1
170 4 1
170 70 1
170 86 1
170 87 1
170 16 1
170 77 1
170 75 1
170 64 1
170 58 1
170 22 1
171 32 1
171 96 1
171 92 1
171 8 1
171 71 1
172 53 1
172 54 1
172 120 1
173 53 1
173 6 1
173 56 1
173 16 1
173 84 1
173 76 1
174 53 1
174 119 1
174 63 1
174 16 1
174 95 1
174 25 1
174 36 1
175 53 1
175 4 1
175 24 1
175 97 1
175 75 1
175 64 1
175 104 1
175 61 1
176 53 1
176 119 1
176 34 1
176 16 1
176 25 1
176 57 1
176 120 1
176 7 1
177 53 1
177 92 1
177 48 1
177 79 1
177 64 1
178 53 1
178 96 1
178 26 1
178 3 1
179 12 1
179 66 1
179 11 1
180 66 1
181 112 1
181 66 1
182 119 1
182 92 1
182 24 1
182 8 1
182 1 1
182 83 1
182 38 1
182 66 1
182 22 1
182 54 1
183 24 1
183 8 1
183 138 1
183 34 1
183 29 1
183 84 1
183 20 1
183 66 1
183 54 1
184 149 1
184 83 1
184 77 1
184 73 1
184 58 1
185 80 1
185 12 1
185 1 1
185 101 1
185 103 1
185 110 1
185 98 1
186 21 1
186 3 1
187 64 1
187 124 1
187 3 1
187 107 1
188 24 1
188 19 1
188 161 1
188 16 1
188 3 1
189 92 1
189 3 1
189 104 1
189 76 1
189 61 1
190 70 1
190 19 1
190 15 1
190 20 1
190 3 1
190 64 1
191 114 1
191 48 1
191 292 1
191 64 1
191 21 1
192 114 1
192 57 1
192 45 1
193 80 1
193 114 1
193 17 1
193 16 1
194 119 1
194 4 1
194 114 1
194 70 1
194 16 1
195 114 1
195 97 1
195 137 1
195 12 1
195 16 1
195 124 1
195 21 1
196 34 1
196 57 1
196 36 1
196 7 1
196 78 1
197 36 1
197 78 1
198 43 1
198 45 1
198 16 1
198 124 1
198 64 1
198 21 1
198 78 1
199 56 1
199 4 1
199 6 1
199 88 1
199 23 1
199 67 1
199 78 1
200 78 1
201 97 1
201 83 1
201 74 1
201 112 1
201 79 1
201 14 1
201 78 1
202 5 1
202 24 1
202 44 1
202 45 1
202 87 1
202 71 1
202 74 1
202 110 1
202 73 1
202 59 1
202 17 1
202 14 1
202 26 1
203 72 1
203 24 1
203 15 1
203 33 1
203 43 1
203 41 1
203 87 1
203 124 1
203 115 1
203 61 1
203 21 1
204 92 1
204 24 1
204 97 1
204 50 1
204 43 1
204 21 1
204 58 1
204 26 1
205 119 1
205 24 1
206 4 1
206 24 1
206 10 1
206 12 1
206 54 1
207 24 1
207 48 1
207 33 1
207 12 1
207 161 1
207 45 1
207 67 1
207 16 1
207 83 1
207 87 1
207 112 1
207 21 1
207 26 1
208 4 1
208 24 1
208 70 1
208 86 1
208 1 1
208 29 1
208 25 1
209 126 1
209 24 1
210 58 1
210 24 1
211 119 1
211 24 1
211 48 1
211 70 1
211 16 1
211 75 1
211 17 1
212 72 1
212 96 1
212 92 1
212 24 1
212 115 1
213 29 1
213 27 1
213 4 1
213 20 1
214 33 1
214 4 1
214 112 1
215 4 1
215 50 1
215 19 1
215 34 1
215 29 1
215 112 1
216 33 1
216 4 1
216 86 1
216 34 1
217 96 1
217 4 1
217 106 1
218 4 1
219 4 1
220 4 1
220 74 1
221 119 1
221 6 1
221 33 1
221 35 1
221 1 1
221 16 1
221 71 1
221 18 1
221 25 1
221 29 1
221 40 1
221 64 1
221 58 1
222 48 1
222 16 1
222 18 1
222 17 1
222 26 1
223 36 1
223 16 1
224 137 1
224 45 1
224 16 1
225 83 1
225 16 1
226 47 1
226 16 1
227 80 1
227 29 1
227 25 1
227 16 1
228 70 1
228 26 1
228 16 1
229 70 1
229 74 1
229 38 1
229 16 1
230 16 1
231 48 1
231 33 1
231 16 1
231 29 1
231 79 1
231 7 1
232 15 1
232 111 1
232 19 1
232 16 1
232 26 1
233 50 1
233 33 1
233 16 1
233 57 1
233 124 1
233 20 1
233 84 1
233 36 1
233 7 1
234 56 1
234 119 1
234 97 1
234 19 1
234 16 1
234 75 1
234 64 1
234 26 1
235 126 1
235 142 1
235 26 1
235 16 1
236 54 1
236 16 1
237 16 1
238 33 1
238 16 1
239 126 1
239 112 1
239 105 1
239 64 1
239 54 1
240 64 1
240 58 1
240 75 1
241 64 1
241 70 1
241 79 1
242 111 1
242 1 1
242 25 1
242 64 1
242 21 1
243 64 1
243 96 1
243 115 1
243 93 1
244 119 1
244 97 1
244 20 1
244 64 1
244 26 1
245 74 1
245 25 1
245 64 1
245 17 1
245 26 1
246 64 1
246 47 1
247 6 1
247 96 1
247 80 1
247 64 1
247 11 1
248 64 1
248 96 1
248 124 1
248 85 1
249 64 1
249 29 1
249 25 1
250 64 1
250 71 1
250 83 1
251 15 1
251 80 1
251 138 1
251 45 1
251 101 1
251 34 1
251 25 1
252 115 1
252 26 1
253 26 1
253 34 1
254 92 1
254 67 1
254 34 1
254 95 1
254 83 1
254 75 1
254 27 1
254 124 1
254 76 1
254 26 1
255 72 1
255 26 1
256 29 1
256 26 1
257 6 1
257 48 1
257 70 1
257 74 1
257 58 1
258 70 1
258 97 1
259 70 1
259 101 1
259 38 1
259 85 1
259 76 1
260 70 1
260 76 1
260 54 1
261 51 1
261 111 1
261 34 1
261 59 1
261 104 1
262 104 1
262 6 1
263 10 1
263 45 1
263 57 1
263 105 1
263 115 1
263 17 1
264 112 1
264 87 1
265 112 1
266 33 1
266 112 1
267 7 1
267 112 1
267 58 1
268 110 1
268 112 1
269 97 1
269 110 1
269 92 1
269 93 1
270 109 1
270 92 1
271 92 1
271 80 1
271 46 1
271 149 1
271 38 1
271 98 1
272 14 1
272 92 1
272 106 1
273 5 1
273 48 1
273 15 1
273 80 1
273 45 1
273 87 1
273 83 1
274 71 1
274 57 1
275 71 1
275 58 1
276 38 1
276 124 1
276 45 1
277 119 1
277 126 1
277 50 1
277 43 1
277 7 1
278 50 1
278 23 1
278 36 1
278 58 1
278 61 1
279 75 1
279 43 1
280 27 1
280 33 1
280 120 1
281 95 1
281 33 1
281 138 1
282 33 1
282 115 1
282 45 1
283 33 1
283 45 1
284 33 1
284 58 1
285 18 1
285 34 1
286 48 1
286 50 1
286 34 1
286 29 1
286 57 1
287 115 1
288 109 1
288 23 1
288 45 1
288 54 1
288 75 1
288 115 1
288 106 1
288 21 1
289 36 1
289 15 1
289 59 1
289 86 1
290 15 1
290 35 1
290 57 1
290 80 1
291 95 1
291 15 1
292 95 1
292 191 1
293 18 1
293 54 1
293 87 1
294 18 1
294 7 1
294 119 1
295 11 1
296 72 1
297 110 1
298 7 1
298 29 1
298 23 1
299 149 1
300 85 1
300 149 1
300 83 1
301 111 1
302 19 1
302 96 1
302 106 1
302 45 1
303 93 1
303 73 1
303 83 1
304 56 1
304 161 1
305 56 1
305 57 1
305 8 1
306 56 1
307 56 1
307 7 1
308 56 1
308 142 1
308 20 1
308 36 1
308 7 1
309 96 1
309 14 1
310 57 1
310 122 1
311 119 1
311 57 1
312 19 1
312 40 1
313 22 1
313 45 1
314 107 1
314 45 1
314 21 1
315 58 1
316 100 1
316 35 1
316 83 1
317 40 1
318 87 1
319 98 1
319 8 1
320 119 1
320 12 1
320 48 1
321 74 1
322 74 1
322 54 1
323 119 1
324 20 1
325 54 1
326 54 1
326 21 1
327 161 1
328 59 1
329 22 1
330 75 1
331 85 1
331 75 1
331 93 1
332 23 1
333 93 1
